Species	Tree1	Tree2	Tree3	Tree4	Tree5	Tree6	Tree7	Tree8	Tree9	Tree10	Tree11	Tree12	Tree13	Tree14	Tree15	Tree16	Tree17	Tree18	Tree19	Tree20	Tree21	Tree22	Average 	SpeciesTree 
St_bre	0.0183430272449271	0.0102852754675942	0.0541531083552525	0.00048049292962963	0.00260515464789985	0.00154535003291833	0.00378475223037151	0.0375114207002388	0.00218851637727556	0.00760335784102198	0.00388588260807801	0.0208613969239141	0.00230949254876248	0.00332834756582241	0.00351472540557097	0.0029137004560206	0.00622507350712219	0.00258494636167593	0.000615536879103353	0.00389243190239307	0.00449887103929847	0.0011968263128952	0.00883307669717211	0.013041081781584
Gr_gri	0.0212677166946722	0.000672629280594203	0.0430186264476009	0.00048049292962963	0.00510533878881652	0.00477969126291833	0.00383843709447151	0.0521116344924419	0.000914555891146989	0.00382591349202198	0.00238098587089944	0.0242134081031058	0.00299217470026248	0.00716339009682241	0.00356267820557097	0.0018579420430206	0.00277415031812219	0.000431867350675926	0.00230015799059085	0.00118451860839307	0.000357811005298475	0.000215485411111111	0.00842952754900853	0.00969798178158396
Gl_mac	0.0159772984903389	0.000672629280594203	0.0318217047156009	0.00048049292962963	0.00232151825181652	0.00154535003291833	0.00533878016815485	0.0392854106557752	0.00308450496907556	0.00428457704168865	0.00794587352589944	0.0169594858661058	0.00299217470026248	0.00206695581082241	0.00352139965857097	0.0018579420430206	0.00334699115778886	0.00280095712467593	0.00118932120559085	0.00118451860839307	0.00262384276219259	0.000215485411111111	0.00688714610954668	0.00850148178158396
Pe_ele	0.0063811093713389	0.000672629280594203	0.0439835771056009	0.00368827633062963	0.00364344824681652	0.00261415842791833	0.00288408080115485	0.0348940796257752	0.00353181888207556	0.00382976134102198	0.00998863741189944	0.0099163283326058	0.00217241510392915	0.00331237021882241	0.00122010902057097	0.0018579420430206	0.00334699115778886	0.00475019694567593	0.00118932120559085	0.00118451860839307	0.000577481330192593	0.00300933122011111	0.00675675372779668	0.00860598178158396
Fe_att	0.0191921386613389	0.000672629280594203	0.0457649976956009	0.00403461872062963	0.00422598475689985	0.00154535003291833	0.00501416159130485	0.0364949543757752	0.000914555891146989	0.00866467223068865	0.00238098587089944	0.0141030970821058	0.00217241510392915	0.00206695581082241	0.00243578218557097	0.0018579420430206	0.00334699115778886	0.000431867350675926	0.00118932120559085	0.00388215171139307	0.000577481330192593	0.000215485411111111	0.00732656997727265	0.00850148178158396
Ps_cra	0.0154648142246722	0.000672629280594203	0.0645280327676009	0.00048049292962963	0.00454721703214985	0.00154535003291833	0.00384377531047151	0.0566077741284419	0.00218821991117556	0.00805881091068865	0.00375455588114944	0.0218975860831058	0.00299217470026248	0.00332834756582241	0.00583292088357097	0.0044414439390206	0.00659006930212219	0.000431867350675926	0.00266966131959085	0.00118451860839307	0.000577481330192593	0.000215485411111111	0.00962969222288001	0.010479481781584
De_cap	0.00727566438222692	0.000672629280594203	0.0330923486159576	0.00109486714147508	0.00141331418029985	0.00196841261122369	0.00323441506595818	0.0184706394513761	0.00369715171713556	0.00231211763226365	0.00205481464307801	0.00753527994261691	0.00255613979346248	0.00129391752841764	0.00179174919157097	0.0068342880443956	0.00312843583735433	0.000971649174425926	0.000714356754836687	0.00206440025651807	0.00494938132317514	0.000463928852020202	0.00489045006456286	0.00580490559110777
De_del	0.0104518252512269	0.0023226833468942	0.0273574610539576	0.00109486714147508	0.00141331418029985	0.00196841261122369	0.00323441506595818	0.0206928234223761	0.00274873824173556	0.00427874113826365	0.00389228630207801	0.0106844995825058	0.00255613979346248	0.00255809474941764	0.00179174919157097	0.0033434263543956	0.00383141223554433	0.000971649174425926	0.00219904457383669	0.00167122762126807	0.00324938336117514	0.000805941153895202	0.00514173343395394	0.00580490559110777
St_lon	0.0108610472682269	0.0023226833468942	0.0395637185011969	0.00109486714147508	0.00289475396469985	0.00196841261122369	0.00323441506595818	0.0227763549073761	0.00179964949413556	0.00231211763226365	0.00205481464307801	0.00836938756632762	0.00255613979346248	0.00129391752841764	0.00122010902057097	0.0025003495913956	0.00305751368714433	0.000971649174425926	0.000714356754836687	0.00420744201351807	0.000682724129265142	0.0011968263128952	0.00534787500676308	0.00664140559110777
Tu_adu	0.0133028653889769	0.0011445569573942	0.0344514586252576	0.00109486714147508	0.00231766788355985	0.00228058273465703	0.00405344740262485	0.0237503262330428	0.00494367661132556	0.000904029459466425	0.00399149725807801	0.00836938756632762	0.00313483047642915	0.00129391752841764	0.00351400460157097	0.0037909434863956	0.00975694192112516	0.00258394250767593	0.00303638284858669	0.00867413928301807	0.000700149350675142	0.0011968263128952	0.00628574734449889	0.00696207225777443
Tu_tru	0.0136477951892269	0.0011445569573942	0.0423834763739576	0.00109486714147508	0.00497422915455985	0.00133191350955702	0.00241381172762485	0.0340964383874928	0.00243053178252556	0.00383422801409698	0.00205481464307801	0.0140715210763576	0.00313483047642915	0.00111387477327479	0.00122010902057097	0.0030934083073956	0.00257945855014433	0.000431867350675926	0.00295051728658669	0.00483905999901807	0.000682724129265142	0.0011968263128952	0.00657822091652738	0.00696207225777443
St_coe	0.00882990441297692	0.0011445569573942	0.0317958493752576	0.00109486714147508	0.00273721333629985	0.00347390795355703	0.00241381172762485	0.0231546754382928	0.00256789277417556	0.00724500665439698	0.00396485547407801	0.00713779511226691	0.00313483047642915	0.00111387477327479	0.00122010902057097	0.0029325681480956	0.00257945855014433	0.000431867350675926	0.00145682940058669	0.00167122762126807	0.00209445851459847	0.000463928852020202	0.00512088586661182	0.00707407225777443
So_chi	0.0131716609596436	0.000672629280594203	0.0416190108121576	0.00109486714147508	0.00141331418029985	0.00264611169404453	0.00431551339452485	0.0239759285053261	0.00274681957103556	0.00999633533239698	0.00205481464307801	0.0155650191253576	0.00230949254876248	0.00129391752841764	0.00296298720857097	0.0039428430180206	0.00975026725812516	0.00259099514067593	0.000714356754836687	0.00677191212339307	0.000682724129265142	0.0011968263128952	0.00688583393922259	0.00844852463872681
La_hos	0.0149391049276436	0.0030416257995942	0.0511844917090719	0.00109486714147508	0.00326022705705985	0.00133191350955702	0.00359214914829151	0.0288731425814833	0.00179964949413556	0.00525259677346642	0.00205481464307801	0.015205218834986	0.00255613979346248	0.00364939806427479	0.00294013156657097	0.0020684747633956	0.0105955211021443	0.000971649174425926	0.000714356754836687	0.00291369750951807	0.000682724129265142	0.0011968263128952	0.00726903276321053	0.0082952389244411
St_att	0.0120000162071436	0.0030347331015942	0.0373836863613576	0.00109486714147508	0.00432571302405985	0.00240278965055702	0.00350872509612485	0.0316342683314833	0.000914555891146989	0.00383422801409698	0.00205481464307801	0.00980355865098595	0.00255613979346248	0.00255538886741764	0.00122010902057097	0.0051518276843956	0.00344368214640433	0.000431867350675926	0.00145682940058669	0.00647443257251807	0.00227794470067514	0.0011968263128952	0.00630713654375934	0.00907502463872681
So_flu	0.0216948124089271	0.000672629280594203	0.0503140789952525	0.000772703437175084	0.00297966832905985	0.00169118727904452	0.0160470088783248	0.0564933969602388	0.00120415228607556	0.00540911194539698	0.00205481464307801	0.020915887600986	0.00255613979346248	0.00129391752841764	0.00236590467357097	0.00685730887238727	0.00466121756362516	0.00258645747767593	0.000714356754836687	0.00643776892339307	0.000682724129265142	0.000761350548111111	0.0095075726504045	0.0127390246387268
Ce_com	0.0156367770191436	0.0012629000023442	0.0464073937879343	0.0031736715552963	0.00117026400777778	0.00121357084339452	0.0046129830673604	0.0383861346308752	0.012574794231397	0.010402937688022	0.00358133791191134	0.0112655253720808	0.00727261005076248	0.00205586506927479	0.000812223309159201	0.00274542239460786	0.00155961655562516	0.000297361753925926	0.00206423603965669	0.00647466742255097	0.00242856229529848	0.000761350548111111	0.00800728207075046	0.00917714130539348
Li_bor	0.024236882889689	0.0012629000023442	0.0494219112259343	0.0033395893572963	0.00166798497617521	0.00298312024789452	0.0029716137365604	0.0387051375788752	0.00485263641239699	0.00166592796102198	0.00192402458414944	0.0172260215040808	0.0108891873861291	0.00456887630227479	0.0019554751971592	0.00308552241927453	0.00280741957424638	0.00244974958492593	0.00260436827815669	0.0114401196257264	0.0138369239752985	0.000761350548111111	0.00930257924398732	0.00980047463872681
La_obl	0.015295342679689	0.0012629000023442	0.0273429967764343	0.0033395893572963	0.00233152516567521	0.00228506796289452	0.0037980855008604	0.0227873094173752	0.00289692890399699	0.00383020674902198	0.00358133791191134	0.0165516230090808	0.00338850166712915	0.00457002369027479	0.000812223309159201	0.00513480360627453	0.00370235881412517	0.00137269454042593	0.00111947037815669	0.0061761800477264	0.000357811005298475	0.000761350548111111	0.00603174232014826	0.00822464130539348
La_obs	0.00898966863768904	0.0012629000023442	0.0444762287104343	0.0031736715552963	0.00772407216267521	0.00228506796289452	0.0037980855008604	0.0404159601903752	0.00190075787139699	0.00166592796102198	0.00266576656341134	0.0058607838540808	0.00338850166712915	0.00455824319327479	0.000812223309159201	0.00512793929627453	0.00670733588712517	0.00137269454042593	0.00111947037815669	0.00318326307272641	0.00193360843229847	0.000761350548111111	0.00696288733168917	0.00822464130539348
Or_orc	0.0045841897037037	0.000672629280594203	0.0709814947609343	0.0047815773627963	0.00128101083789985	0.00228366023539452	0.00872995903837151	0.0752730514484419	0.00951423275764699	0.00865630871514976	0.00553322447484944	0.0235471992139141	0.00727348398376248	0.00190194566151288	0.0031034657671592	0.0173356178743873	0.0104284363623543	0.000297361753925926	0.00260443995815669	0.00902012488040097	0.000357811005298475	0.00586649745511111	0.0124558055696257	0.016949431781584
La_alb	0.0243700870559271	0.000672629280594203	0.0836450353152979	0.0050958654177963	0.00422474503689985	0.00435497032289453	0.00624496141237151	0.0549002855232038	0.00263836579764699	0.00923593758214976	0.00554066961184944	0.0291157789650808	0.00731288800776248	0.00481828373715574	0.00122010902057097	0.00665636801635786	0.0116785568119793	0.00677684286692593	0.00224019275379085	0.011765571525401	0.000577481330192593	0.0120378861911111	0.0134147050719527	0.016949431781584
La_acu	0.0289918436851436	0.000672629280594203	0.0800940392756009	0.00109486714147508	0.00739344463729985	0.00243768641225167	0.00920417424727858	0.0489634872072947	0.0119779993650756	0.0180968560691498	0.00367884102884944	0.0228726102784141	0.00749824412646248	0.00315264095151288	0.00536265095138647	0.00555919140435786	0.0114876222491222	0.00678041296492593	0.000522983709790853	0.00374688470040097	0.00497741021559259	0.0063427139330202	0.0132231469925	0.0190352045088567
Ne_pho	0.0581651407106268	0.00313987450683333	0.153108621897037	0.00487729569637963	0.00626732065954985	0.00321857740373148	0.00909048373664815	0.0866134902305556	0.000596960124814815	0.0166652114718056	0.00631720064619726	0.0140931383366667	0.0102310361346574	0.00417147625550926	0.00505922990152778	0.00707175046792308	0.00575257761508333	0.00674217270467593	0.00109220631059259	0.00405991464194444	0.0380877564205926	0.00718355341611111	0.0205274995131574	0.0222480740740741
Ph_pho	0.0429135892706268	0.0143578250868333	0.131982494017037	0.00487729569637963	0.00658621063754985	0.00537796934673148	0.00499673452264815	0.141211201000556	0.00830965124981481	0.0101330135938056	0.0100062013221973	0.0489197301666667	0.00784259170065741	0.00671141419550926	0.0108172598395278	0.0125903245879231	0.00782376397008333	0.00888924285267593	0.00109220631059259	0.00953651888894444	0.0206636498025926	0.0100048690951111	0.0238928980524756	0.0222480740740741
De_leu	0.0393923551626268	0.00633351697133333	0.095571718972037	0.0111542717183796	0.00275055107804985	0.00886455218573148	0.0119408465271481	0.0708868389205556	0.00698029478749481	0.0110083816308056	0.00290029564895727	0.0212355742104667	0.00343320736915741	0.00678920501550926	0.00874625180952778	0.00078353177	0.00457431540308333	0.00785383953617593	0.00261984055581259	0.00406100484194444	0.00710877101559259	0.00715799097461111	0.0155521434593182	0.0213645740740741
Mo_mon	0.0542325286326268	0.00392025770833333	0.077623047992037	0.00129188069037963	0.00275055107804985	0.00646573808173148	0.00852783181314815	0.0677140410405556	0.00413361844849481	0.0149913149338056	0.00102080262111111	0.0408309629604667	0.00910517392415741	0.00688840917650926	0.00711067937752778	0.00326014975192308	0.00746622862908333	0.0100833307791759	0.00113191136281259	0.00682030610994444	0.00301300704359259	0.00158512218561111	0.0154530406518672	0.0213645740740741
Ph_mac	0.123773122	0.009782315361	0.233269768	0.0129733091	0.03159712821	0.02182075096	0.0335967493	0.2086331568	0.01611792337	0.01670561106	0.02756167077	0.09457800966	0.03355148864	0.01772736595	0.01380719082	0.02115535779	0.01817277669	0.005502429466	0.009051881452	0.01616446758	0.007156465954	0.0058181061	0.0444780475015	0.062306
